3 0 626
3 0 502
3 0 626
3 0 544
3 0 726
3 0 583
3 0 622
3 0 649
3 0 508
4 0 571
6 0 620
10 0 579
10 0 635
24 0 577
27 0 749
27 0 516
27 0 751
27 0 753
27 0 700
27 0 671
27 0 530
27 0 665
27 0 581
27 0 511
27 0 661
27 0 582
27 0 672
27 0 588
27 0 778
27 0 695
27 0 546
27 0 769
27 0 530
27 0 760
27 0 751
27 0 696
27 0 723
27 0 614
27 0 667
27 0 539
27 0 748
27 0 678
27 0 526
27 0 698
27 0 662
27 0 779
27 0 591
27 0 667
27 0 601
27 0 712
27 0 707
27 0 584
27 0 718
27 0 513
27 0 778
27 0 577
27 0 761
36 0 665
36 0 647
36 0 622
36 0 595
36 0 586
45 0 637
45 0 521
49 0 740
49 0 656
49 0 635
49 0 693
49 0 675
49 0 782
49 0 565
49 0 681
49 0 603
52 0 576
52 0 548
52 0 539
61 0 715
63 0 661
63 0 670
63 0 739
63 0 623
63 0 590
63 0 672
64 0 526
64 0 715
64 0 680
68 0 721
77 0 647
78 0 661
78 0 574
86 0 595
91 0 507
91 0 772
92 0 558
92 0 659
92 0 501
92 0 749
92 0 583
92 0 607
92 0 587
96 0 675
98 0 633
100 0 602
100 0 769
102 0 671
103 0 739
105 0 639
105 0 549
106 0 557
108 0 516
115 0 784
115 0 758
115 0 765
115 0 503
115 0 576
115 0 677
115 0 772
115 0 788
117 0 642
121 0 522
121 0 637
121 0 543
121 0 784
121 0 652
123 0 682
126 0 608
132 0 511
133 0 589
134 0 566
142 0 594
154 0 755
156 0 789
156 0 756
157 0 534
167 0 649
167 0 532
167 0 682
167 0 768
167 0 791
167 0 711
167 0 611
167 0 509
176 0 648
177 0 740
177 0 700
177 0 739
177 0 566
177 0 729
177 0 787
177 0 746
177 0 735
177 0 582
177 0 645
177 0 666
177 0 784
177 0 629
177 0 710
178 0 668
182 0 591
182 0 789
182 0 644
182 0 745
182 0 640
182 0 612
182 0 779
188 0 772
188 0 747
189 0 740
195 0 747
195 0 712
201 0 685
201 0 705
207 0 776
209 0 706
211 0 519
211 0 546
211 0 785
211 0 595
211 0 738
212 0 694
213 0 551
228 0 618
228 0 530
228 0 654
228 0 578
228 0 551
228 0 669
241 0 719
241 0 779
241 0 577
242 0 503
242 0 701
242 0 690
242 0 568
242 0 685
242 0 782
242 0 648
242 0 563
244 0 725
244 0 533
249 0 507
249 0 571
249 0 751
249 0 653
250 0 636
256 0 715
257 0 767
257 0 600
257 0 773
274 0 631
278 0 601
278 0 798
278 0 559
278 0 785
278 0 508
278 0 505
278 0 553
278 0 560
278 0 708
279 0 784
279 0 669
279 0 762
280 0 505
280 0 567
280 0 620
286 0 729
286 0 582
286 0 537
291 0 753
291 0 593
291 0 627
291 0 747
291 0 767
294 0 692
299 0 542
299 0 635
299 0 733
304 0 543
305 0 585
305 0 798
305 0 681
306 0 738
310 0 673
310 0 616
310 0 586
310 0 745
310 0 527
310 0 644
310 0 756
310 0 505
310 0 676
310 0 588
310 0 723
310 0 642
310 0 581
310 0 558
310 0 612
310 0 787
310 0 752
310 0 792
310 0 549
310 0 590
310 0 703
310 0 512
310 0 748
310 0 696
310 0 793
310 0 674
310 0 786
310 0 722
310 0 573
310 0 797
310 0 599
310 0 754
310 0 673
310 0 743
310 0 796
310 0 673
310 0 724
310 0 622
310 0 532
310 0 556
310 0 591
310 0 795
310 0 572
310 0 647
310 0 755
310 0 716
310 0 771
310 0 776
310 0 642
310 0 677
310 0 658
310 0 750
310 0 515
310 0 518
310 0 684
310 0 560
310 0 538
310 0 761
310 0 741
310 0 744
310 0 691
310 0 580
310 0 615
310 0 597
310 0 793
310 0 512
310 0 592
310 0 589
310 0 730
310 0 619
310 0 789
310 0 762
310 0 703
310 0 647
310 0 796
310 0 723
310 0 689
310 0 761
310 0 561
311 0 544
312 0 612
312 0 732
312 0 519
315 0 576
315 0 674
315 0 709
315 0 782
317 0 545
317 0 710
317 0 720
317 0 507
317 0 624
317 0 684
317 0 557
317 0 639
317 0 569
317 0 558
317 0 624
317 0 661
317 0 504
317 0 797
317 0 736
317 0 556
317 0 708
317 0 656
322 0 683
328 0 786
328 0 746
332 0 506
332 0 663
337 0 562
338 0 654
339 0 641
339 0 535
339 0 773
339 0 540
339 0 587
341 0 670
341 0 500
341 0 716
341 0 769
341 0 627
341 0 660
341 0 534
341 0 633
341 0 580
341 0 689
341 0 650
341 0 604
347 0 629
347 0 517
351 0 773
357 0 594
357 0 578
357 0 783
357 0 679
357 0 521
357 0 652
357 0 566
357 0 660
357 0 732
357 0 518
357 0 691
357 0 799
357 0 695
357 0 699
357 0 682
357 0 560
357 0 584
367 0 530
374 0 639
374 0 522
385 0 670
386 0 514
388 0 607
388 0 751
388 0 662
388 0 673
388 0 607
389 0 560
389 0 552
389 0 739
389 0 548
389 0 774
389 0 665
393 0 647
396 0 580
396 0 611
396 0 777
396 0 578
396 0 600
396 0 725
398 0 637
404 0 780
405 0 731
405 0 590
406 0 675
414 0 689
425 0 780
426 0 537
426 0 525
426 0 778
426 0 563
428 0 526
428 0 605
431 0 621
439 0 743
439 0 524
439 0 502
439 0 626
440 0 654
441 0 777
441 0 757
441 0 693
441 0 521
443 0 538
444 0 550
444 0 686
444 0 748
444 0 598
444 0 709
444 0 541
444 0 524
444 0 664
444 0 708
444 0 548
445 0 528
447 0 552
447 0 746
447 0 623
447 0 616
447 0 632
447 0 521
449 0 795
449 0 655
452 0 677
452 0 555
452 0 643
452 0 730
452 0 777
452 0 549
452 0 559
452 0 563
452 0 792
452 0 586
452 0 679
452 0 509
456 0 798
465 0 660
465 0 545
469 0 767
469 0 595
485 0 609
485 0 627
487 0 777
493 0 541
493 0 601
493 0 551
496 0 771
496 0 661
480 5 1
136 5 1
303 5 2
51 5 5
423 5 5
493 5 6
436 5 6
420 5 6
332 5 6
235 5 11
345 5 13
3 5 14
444 5 17
470 5 19
139 5 19
197 5 28
313 5 31
468 5 36
301 5 39
44 5 39
176 5 39
100 5 40
385 5 40
471 5 40
444 5 40
68 5 43
318 5 46
219 5 47
450 5 49
7 5 49
367 5 52
173 5 52
390 5 59
396 5 60
215 5 61
98 5 63
401 5 63
91 5 63
331 5 63
422 5 63
166 5 63
315 5 63
37 5 63
250 5 67
192 5 73
468 5 73
277 5 73
139 5 73
494 5 78
83 5 79
1 5 82
236 5 86
27 5 86
412 5 93
190 5 94
56 5 94
39 5 94
437 5 94
290 5 94
441 5 94
417 5 94
448 5 94
154 5 95
469 5 95
274 5 95
488 5 95
108 5 95
119 5 95
30 5 95
243 5 95
323 5 95
400 5 95
464 5 96
254 5 98
268 5 109
66 5 111
311 5 112
70 5 112
289 5 112
9 5 113
408 5 113
12 5 113
259 5 113
463 5 113
279 5 113
425 5 114
475 5 114
137 5 114
442 5 114
76 5 114
126 5 114
165 5 114
285 5 114
209 5 122
60 5 122
188 5 122
428 5 122
472 5 122
317 5 125
301 5 130
169 5 141
499 5 147
487 5 150
387 5 160
498 5 162
273 5 165
304 5 165
210 5 167
170 5 167
9 5 167
458 5 167
315 5 174
357 5 174
325 5 174
220 5 174
486 5 174
72 5 174
124 5 174
115 5 174
423 5 174
492 5 174
134 5 174
4 5 178
179 5 179
366 5 179
281 5 179
365 5 179
48 5 179
326 5 179
394 5 179
191 5 179
80 5 179
32 5 179
148 5 181
159 5 181
357 5 181
132 5 181
450 5 186
235 5 192
290 5 192
281 5 192
320 5 192
142 5 192
115 5 192
32 5 195
284 5 196
475 5 200
368 5 202
359 5 202
233 5 205
58 5 217
130 5 219
208 5 221
374 5 221
349 5 221
314 5 221
268 5 221
424 5 221
111 5 221
10 5 221
430 5 224
287 5 224
56 5 224
352 5 224
77 5 224
426 5 224
40 5 224
102 5 229
308 5 240
45 5 240
53 5 241
371 5 243
66 5 251
45 5 253
372 5 253
308 5 254
247 5 254
77 5 254
64 5 254
173 5 254
344 5 254
296 5 254
354 5 254
347 5 259
132 5 259
351 5 282
134 5 282
143 5 282
392 5 282
387 5 282
39 5 282
158 5 282
185 5 282
378 5 282
104 5 282
225 5 282
248 5 282
451 5 282
374 5 282
171 5 282
437 5 282
46 5 282
219 5 282
99 5 282
53 5 282
479 5 282
430 5 282
156 5 282
291 5 282
59 5 291
36 5 291
324 5 294
348 5 302
353 5 302
425 5 302
106 5 302
214 5 302
12 5 302
485 5 302
172 5 305
252 5 318
321 5 321
299 5 321
166 5 323
301 5 335
283 5 335
454 5 335
69 5 335
67 5 337
292 5 343
209 5 347
90 5 347
84 5 353
31 5 353
431 5 353
428 5 353
213 5 353
82 5 353
207 5 358
483 5 358
245 5 360
44 5 360
190 5 362
29 5 363
67 5 363
14 5 370
262 5 370
142 5 373
264 5 375
238 5 376
489 5 380
331 5 383
210 5 384
80 5 384
454 5 387
240 5 387
9 5 387
230 5 387
15 5 387
388 5 390
333 5 391
291 5 391
494 5 391
420 5 398
360 5 398
336 5 398
56 5 400
183 5 400
226 5 400
90 5 400
82 5 400
371 5 400
155 5 402
284 5 402
382 5 402
337 5 402
276 5 402
169 5 402
288 5 403
107 5 409
497 5 410
491 5 418
241 5 418
484 5 418
193 5 418
90 5 418
22 5 419
386 5 419
237 5 419
286 5 419
170 5 434
175 5 434
221 5 434
146 5 434
413 5 434
337 5 434
354 5 434
287 5 434
103 5 434
116 5 434
282 5 434
345 5 434
91 5 434
117 5 434
74 5 434
491 5 434
366 5 434
393 5 434
290 5 434
25 5 434
113 5 434
253 5 438
109 5 438
403 5 438
411 5 438
24 5 438
445 5 444
272 5 444
445 5 444
366 5 447
0 5 450
186 5 453
162 5 455
171 5 457
20 5 459
439 5 460
481 5 460
240 5 465
170 5 465
56 5 465
319 5 465
364 5 465
159 5 465
459 5 465
104 5 465
138 5 465
388 5 465
478 5 465
316 5 465
89 5 465
390 5 465
7 5 465
333 5 465
28 5 465
290 5 465
379 5 465
383 5 465
340 5 465
96 5 467
306 5 468
406 5 479
261 5 479
482 5 486
125 5 488
368 5 489
165 5 489
400 5 489
255 5 489
159 5 489
447 5 489
356 5 489
41 5 489
311 5 489
195 5 489
285 5 489
358 5 491
377 5 497
500 1 990
501 1 902
502 1 919
503 1 913
504 1 934
505 1 972
506 1 933
507 1 978
508 1 966
509 1 984
510 1 912
511 1 937
512 1 950
513 1 905
514 1 904
515 1 974
516 1 908
517 1 900
518 1 998
519 1 958
520 1 997
521 1 995
522 1 918
523 1 963
524 1 916
525 1 921
526 1 933
527 1 906
528 1 975
529 1 902
530 1 963
531 1 931
532 1 950
533 1 917
534 1 916
535 1 951
536 1 927
537 1 975
538 1 946
539 1 927
540 1 928
541 1 998
542 1 919
543 1 955
544 1 930
545 1 996
546 1 978
547 1 931
548 1 900
549 1 967
550 1 942
551 1 970
552 1 916
553 1 951
554 1 917
555 1 935
556 1 976
557 1 901
558 1 942
559 1 963
560 1 991
561 1 907
562 1 949
563 1 956
564 1 939
565 1 965
566 1 921
567 1 985
568 1 998
569 1 903
570 1 952
571 1 928
572 1 917
573 1 977
574 1 955
575 1 930
576 1 918
577 1 954
578 1 968
579 1 930
580 1 951
581 1 948
582 1 955
583 1 915
584 1 924
585 1 912
586 1 953
587 1 900
588 1 997
589 1 980
590 1 994
591 1 977
592 1 916
593 1 943
594 1 913
595 1 940
596 1 960
597 1 909
598 1 925
599 1 937
600 1 919
601 1 914
602 1 983
603 1 954
604 1 901
605 1 929
606 1 949
607 1 955
608 1 920
609 1 928
610 1 961
611 1 928
612 1 911
613 1 994
614 1 973
615 1 912
616 1 998
617 1 970
618 1 938
619 1 997
620 1 993
621 1 985
622 1 966
623 1 994
624 1 962
625 1 929
626 1 921
627 1 954
628 1 983
629 1 947
630 1 964
631 1 920
632 1 953
633 1 915
634 1 947
635 1 904
636 1 962
637 1 901
638 1 925
639 1 938
640 1 975
641 1 941
642 1 944
643 1 957
644 1 943
645 1 952
646 1 931
647 1 957
648 1 974
649 1 939
650 1 941
651 1 959
652 1 916
653 1 912
654 1 917
655 1 942
656 1 969
657 1 907
658 1 917
659 1 938
660 1 917
661 1 914
662 1 947
663 1 908
664 1 912
665 1 945
666 1 985
667 1 932
668 1 983
669 1 928
670 1 981
671 1 943
672 1 961
673 1 959
674 1 949
675 1 902
676 1 938
677 1 997
678 1 934
679 1 920
680 1 974
681 1 922
682 1 935
683 1 971
684 1 965
685 1 961
686 1 998
687 1 979
688 1 927
689 1 985
690 1 956
691 1 983
692 1 952
693 1 901
694 1 940
695 1 942
696 1 945
697 1 909
698 1 910
699 1 970
700 1 905
701 1 912
702 1 912
703 1 977
704 1 902
705 1 911
706 1 980
707 1 980
708 1 960
709 1 970
710 1 929
711 1 908
712 1 920
713 1 939
714 1 904
715 1 923
716 1 982
717 1 914
718 1 931
719 1 916
720 1 931
721 1 935
722 1 929
723 1 981
724 1 921
725 1 958
726 1 930
727 1 970
728 1 960
729 1 971
730 1 905
731 1 921
732 1 924
733 1 998
734 1 907
735 1 901
736 1 965
737 1 946
738 1 996
739 1 974
740 1 966
741 1 985
742 1 976
743 1 943
744 1 908
745 1 940
746 1 995
747 1 971
748 1 966
749 1 996
750 1 934
751 1 919
752 1 928
753 1 953
754 1 959
755 1 998
756 1 985
757 1 963
758 1 953
759 1 980
760 1 980
761 1 947
762 1 923
763 1 910
764 1 997
765 1 994
766 1 971
767 1 953
768 1 917
769 1 931
770 1 972
771 1 976
772 1 997
773 1 971
774 1 943
775 1 959
776 1 937
777 1 917
778 1 936
779 1 955
780 1 937
781 1 902
782 1 992
783 1 917
784 1 942
785 1 975
786 1 909
787 1 975
788 1 915
789 1 911
790 1 927
791 1 966
792 1 919
793 1 931
794 1 912
795 1 981
796 1 939
797 1 918
798 1 988
799 1 955
738 3 800
695 3 800
658 3 800
742 3 801
772 3 801
510 3 802
627 3 804
607 3 804
535 3 807
726 3 807
786 3 807
757 3 809
766 3 810
586 3 810
723 3 820
630 3 824
639 3 824
558 3 824
799 3 824
783 3 824
601 3 824
625 3 824
798 3 826
705 3 826
734 3 829
752 3 829
503 3 831
518 3 831
711 3 833
787 3 837
529 3 839
609 3 839
613 3 839
659 3 839
569 3 839
571 3 839
643 3 839
517 3 839
762 3 839
511 3 839
774 3 839
760 3 839
525 3 839
731 3 839
538 3 839
758 3 839
761 3 839
729 3 839
739 3 839
732 3 839
710 3 839
781 3 839
733 3 839
714 3 839
561 3 839
543 3 839
682 3 839
657 3 839
784 3 839
744 3 839
673 3 839
600 3 839
730 3 839
653 3 839
620 3 839
716 3 839
626 3 839
679 3 839
724 3 839
540 3 839
572 3 839
684 3 839
685 3 839
593 3 840
508 3 840
553 3 842
590 3 843
722 3 845
515 3 846
622 3 846
693 3 847
608 3 850
512 3 852
696 3 853
550 3 861
594 3 864
628 3 864
579 3 864
520 3 870
577 3 871
546 3 874
531 3 885
650 3 890
610 3 890
748 3 890
616 3 890
573 3 890
683 3 891
740 3 892
568 3 892
712 4 503
701 4 503
597 4 503
565 4 503
503 4 503
693 4 503
516 4 503
725 4 503
688 4 506
738 4 506
519 4 506
605 4 506
701 4 506
586 4 506
590 4 506
654 4 506
770 4 506
753 4 506
598 4 507
703 4 514
565 4 515
621 4 515
560 4 515
720 4 515
571 4 515
579 4 515
786 4 519
618 4 521
630 4 521
662 4 521
708 4 529
710 4 532
640 4 532
776 4 532
546 4 538
550 4 538
789 4 538
567 4 538
782 4 538
531 4 538
627 4 538
563 4 538
711 4 538
587 4 538
592 4 543
632 4 543
614 4 543
784 4 546
524 4 548
675 4 553
738 4 553
652 4 555
502 4 555
532 4 555
733 4 555
665 4 559
763 4 559
527 4 562
647 4 562
719 4 564
739 4 564
678 4 564
549 4 564
748 4 564
742 4 564
725 4 564
633 4 564
638 4 564
589 4 564
519 4 564
684 4 564
594 4 569
672 4 570
665 4 571
557 4 573
683 4 575
587 4 576
789 4 576
777 4 578
766 4 579
656 4 584
566 4 584
647 4 584
767 4 584
750 4 586
517 4 594
565 4 594
582 4 598
506 4 599
625 4 599
607 4 599
791 4 599
525 4 599
515 4 599
587 4 599
556 4 602
645 4 602
577 4 604
586 4 604
591 4 604
724 4 604
777 4 604
731 4 604
595 4 604
540 4 604
765 4 604
592 4 604
658 4 604
609 4 604
561 4 604
670 4 604
657 4 606
705 4 606
750 4 606
744 4 611
511 4 611
640 4 611
773 4 613
502 4 618
502 4 618
722 4 622
502 4 624
780 4 624
778 4 627
651 4 636
583 4 639
699 4 641
554 4 642
570 4 661
631 4 661
770 4 661
654 4 661
527 4 668
774 4 671
538 4 678
512 4 682
668 4 684
678 4 684
613 4 685
743 4 690
711 4 690
623 4 694
567 4 702
749 4 704
592 4 710
575 4 710
781 4 713
596 4 716
615 4 716
526 4 717
706 4 717
634 4 717
767 4 717
538 4 717
637 4 717
649 4 717
746 4 719
711 4 730
666 4 730
501 4 730
530 4 733
606 4 747
718 4 747
678 4 751
514 4 757
681 4 757
673 4 757
574 4 757
605 4 757
755 4 757
689 4 759
642 4 761
626 4 761
590 4 761
552 4 761
796 4 761
575 4 769
689 4 770
511 4 770
569 4 770
700 4 773
670 4 773
690 4 773
608 4 773
740 4 776
752 4 779
674 4 786
694 4 786
695 4 794
754 4 794
650 4 796
594 4 796
790 4 796
977 2 1000
964 2 1000
920 2 1000
946 2 1000
966 2 1000
963 2 1000
969 2 1000
975 2 1000
959 2 1000
985 2 1000
900 2 1000
976 2 1000
995 2 1000
927 2 1000
936 2 1000
939 2 1000
973 2 1000
968 2 1000
942 2 1000
991 2 1000
999 2 1000
992 2 1000
921 2 1000
983 2 1000
945 2 1000
962 2 1005
910 2 1024
906 2 1025
933 2 1026
951 2 1031
944 2 1034
904 2 1035
984 2 1037
967 2 1043
989 2 1043
990 2 1043
919 2 1043
979 2 1043
948 2 1043
931 2 1043
978 2 1046
937 2 1050
960 2 1054
957 2 1071
924 2 1081
940 2 1082
997 2 1082
974 2 1082
929 2 1082
980 2 1082
932 2 1082
908 2 1082
958 2 1091
998 2 1092
993 2 1093
950 2 1093
987 2 1093